{
  "asset": {
    "version": "2.0",
    "generator": "GLTFExporter"
  },
  "scenes": [
    {
      "name": "AuxScene",
      "nodes": [
        60
      ]
    }
  ],
  "scene": 0,
  "nodes": [
    {
      "rotation": [
        -0.7071068387877039,
        0,
        0,
        0.7071067235853865
      ],
      "scale": [
        100,
        99.99999999999999,
        99.99999999999999
      ],
      "name": "characterMedium",
      "extras": {
        "transformData": {
          "inheritType": 1,
          "eulerOrder": "ZYX",
          "rotation": [
            -90.00000933466734,
            0,
            0
          ],
          "scale": [
            100,
            100,
            100
          ],
          "parentMatrixWorld": {
            "elements": [
              1,
              0,
              0,
              0,
              0,
              1,
              0,
              0,
              0,
              0,
              1,
              0,
              -0.024121999740600586,
              -188.3027120637047,
              0.9836444078827675,
              1
            ]
          }
        }
      },
      "mesh": 0,
      "skin": 0
    },
    {
      "translation": [
        0,
        0.3368157148361206,
        0
      ],
      "name": "RightKneeCtrl_end",
      "extras": {
        "transformData": {
          "inheritType": 1,
          "eulerOrder": "ZYX",
          "translation": [
            0,
            0.3368157148361206,
            0
          ],
          "parentMatrixWorld": {
            "elements": [
              5.399906335412652e-7,
              2.993832869872641e-15,
              -0.999999965771412,
              0,
              -2.6631610390096435e-7,
              -0.9999999315430443,
              -1.376864490205531e-13,
              0,
              -0.9999999657713765,
              2.663161039009999e-7,
              -4.7153371340868944e-7,
              0,
              -0.6179584073995045,
              -0.586700975894928,
              -0.21037489900634299,
              1
            ]
          }
        }
      }
    },
    {
      "rotation": [
        -0.7071069478988647,
        9.415693824621485e-8,
        0.7071065902709961,
        9.415698798420635e-8
      ],
      "translation": [
        -0.6179584073995045,
        -0.586700975894928,
        -0.21037489900634299
      ],
      "name": "RightKneeCtrl",
      "extras": {
        "transformData": {
          "inheritType": 1,
          "eulerOrder": "ZYX",
          "translation": [
            -0.6179578900337219,
            -0.5867005586624146,
            -0.029198219999670982
          ],
          "rotation": [
            -179.999991348578,
            89.99996835353231,
            0
          ],
          "parentMatrixWorld": {
            "elements": [
              -3.4595562271072487e-7,
              -0.02616952472066063,
              0.9996572258484473,
              0,
              -4.5917455002770375e-9,
              0.9996574690926425,
              0.02616953095996333,
              0,
              -0.9999998162787953,
              4.591744909102174e-9,
              -3.459556606521316e-7,
              0,
              -0.17202653597110584,
              0.7620853952359328,
              0.6394689642703266,
              1
            ]
          }
        }
      },
      "children": [
        1
      ]
    },
    {
      "translation": [
        0,
        0.29276666045188904,
        0
      ],
      "name": "RightFootRollCtrl_end",
      "extras": {
        "transformData": {
          "inheritType": 1,
          "eulerOrder": "ZYX",
          "translation": [
            0,
            0.29276666045188904,
            0
          ],
          "parentMatrixWorld": {
            "elements": [
              3.5762783312520696e-7,
              2.1316282072803006e-14,
              -0.9999999999999716,
              0,
              0.9999999499333299,
              1.1920924805523829e-7,
              3.576278507471199e-7,
              0,
              1.1920928955078125e-7,
              -1.0000000000000284,
              -1.4210854715202004e-14,
              0,
              3.521958068912499e-8,
              2.1701986474613333e-8,
              4.927786361891997e-9,
              1
            ]
          }
        }
      }
    },
    {
      "rotation": [
        0.5000000596046448,
        0.4999999403953552,
        -0.49999988079071045,
        0.5000001192092896
      ],
      "translation": [
        3.521958068912499e-8,
        2.1701986474613333e-8,
        4.927786361891997e-9
      ],
      "scale": [
        1,
        0.9999999499333654,
        1
      ],
      "name": "RightFootRollCtrl",
      "extras": {
        "transformData": {
          "inheritType": 1,
          "eulerOrder": "ZYX",
          "translation": [
            -3.0266011918911317e-9,
            -4.6424734279071345e-8,
            -1.186499232197491e-10
          ],
          "rotation": [
            89.99998884409983,
            89.99998201391065,
            0
          ],
          "scale": [
            1,
            0.9999999403953552,
            1
          ],
          "parentMatrixWorld": {
            "elements": [
              -3.4595562271072487e-7,
              -0.02616952472066063,
              0.9996572258484473,
              0,
              -4.5917455002770375e-9,
              0.9996574690926425,
              0.02616953095996333,
              0,
              -0.9999998162787953,
              4.591744909102174e-9,
              -3.459556606521316e-7,
              0,
              -0.17202653597110584,
              0.7620853952359328,
              0.6394689642703266,
              1
            ]
          }
        }
      },
      "children": [
        3
      ]
    },
    {
      "translation": [
        0,
        0.3012542724609375,
        0
      ],
      "name": "RightFootIK_end",
      "extras": {
        "transformData": {
          "inheritType": 1,
          "eulerOrder": "ZYX",
          "translation": [
            0,
            0.3012542724609375,
            0
          ],
          "parentMatrixWorld": {
            "elements": [
              0.995849748568838,
              0.04945050220987273,
              -0.0764076318719004,
              0,
              -0.006045984901561985,
              -0.8017208695602495,
              -0.5976679543547012,
              0,
              -0.09081253791197168,
              0.5956491857991413,
              -0.7980942067298465,
              0,
              0.0018214108783840997,
              0.24152198910776548,
              0.1800501441968237,
              1
            ]
          }
        }
      }
    },
    {
      "rotation": [
        -0.9481119419988725,
        -0.011444986166356365,
        0.04409294576316501,
        0.3146562410074308
      ],
      "translation": [
        0.0018214108783840997,
        0.24152198910776548,
        0.1800501441968237
      ],
      "scale": [
        1.0000001001332692,
        0.9999999809239796,
        0.9999996519101415
      ],
      "name": "RightFootIK",
      "extras": {
        "transformData": {
          "inheritType": 1,
          "eulerOrder": "ZYX",
          "translation": [
            0.0018214082811027765,
            0.24152174592018127,
            0.18004995584487915
          ],
          "rotation": [
            -143.1715976834909,
            4.382127281848767,
            2.8427840698277214
          ],
          "scale": [
            1.0000001192092896,
            0.9999999403953552,
            0.9999997615814209
          ],
          "parentMatrixWorld": {
            "elements": [
              -0.9785562986790487,
              0.20360905337337387,
              0.031243702014611983,
              0,
              -0.2035345272119293,
              -0.9790518774434079,
              0.005563757063736842,
              0,
              0.03172195073459736,
              -0.0009147201279347232,
              0.9994961538959902,
              0,
              0.02867275848885731,
              0.30693299890134684,
              -0.0007773056648097136,
              1
            ]
          }
        }
      },
      "children": [
        5
      ]
    },
    {
      "rotation": [
        0.015826488314417863,
        0.0011685422159366484,
        0.9946232958607829,
        0.10233599614874903
      ],
      "translation": [
        0.02867275848885731,
        0.30693299890134684,
        -0.0007773056648097136
      ],
      "scale": [
        1.0000026226043701,
        0.9999999189427513,
        0.999999840262086
      ],
      "name": "RightToeRoll",
      "extras": {
        "transformData": {
          "inheritType": 1,
          "eulerOrder": "ZYX",
          "translation": [
            0.02867288328707218,
            0.30693286657333374,
            -0.000768702884670347
          ],
          "rotation": [
            0.3152507962365235,
            -1.7734335383929523,
            168.24620567384818
          ],
          "scale": [
            0.9999934434890747,
            0.9999999403953552,
            1
          ],
          "parentMatrixWorld": {
            "elements": [
              0.00047803579073751586,
              -0.031721824382175655,
              0.9994965623404434,
              0,
              -0.9999993344543612,
              0.0009139669915118386,
              0.000507283558626488,
              0,
              -0.0009295989368844727,
              -0.999496258778801,
              -0.0317213701424024,
              0,
              0.07085276812172446,
              0.17990162014834538,
              0.022240428402544768,
              1
            ]
          }
        }
      },
      "children": [
        6
      ]
    },
    {
      "rotation": [
        0.5077611251247749,
        -0.5079757138176928,
        0.49165196660014504,
        0.4923592770748189
      ],
      "translation": [
        0.07085276812172446,
        0.17990162014834538,
        0.022240428402544768
      ],
      "scale": [
        0.9999999403953552,
        0.9999998807907104,
        0.9999999403953552
      ],
      "name": "RightHeelRoll",
      "extras": {
        "transformData": {
          "inheritType": 1,
          "eulerOrder": "ZYX",
          "translation": [
            0.07085256278514862,
            0.17990143597126007,
            0.022240402176976204
          ],
          "rotation": [
            -0.9252988536314385,
            -91.80067259612531,
            90.87225181243464
          ],
          "scale": [
            0.9999999403953552,
            1,
            1
          ],
          "parentMatrixWorld": {
            "elements": [
              -3.4595562271072487e-7,
              -0.02616952472066063,
              0.9996572258484473,
              0,
              -4.5917455002770375e-9,
              0.9996574690926425,
              0.02616953095996333,
              0,
              -0.9999998162787953,
              4.591744909102174e-9,
              -3.459556606521316e-7,
              0,
              -0.17202653597110584,
              0.7620853952359328,
              0.6394689642703266,
              1
            ]
          }
        }
      },
      "children": [
        7
      ]
    },
    {
      "rotation": [
        0.009253119175036784,
        -0.7070463582845143,
        -0.009253119175036784,
        0.7070461101657102
      ],
      "translation": [
        -0.17202653597110584,
        0.7620853952359328,
        0.6394689642703266
      ],
      "scale": [
        0.9999997115147863,
        0.9999999499333654,
        0.9999998211860657
      ],
      "name": "RightFootCtrl",
      "extras": {
        "transformData": {
          "inheritType": 1,
          "eulerOrder": "ZYX",
          "translation": [
            -0.2075204849243164,
            0.1488100290298462,
            0.19320479035377502
          ],
          "rotation": [
            -89.999995674289,
            0.00000683018998423475,
            90.00002299504568
          ],
          "scale": [
            1,
            0.9999999403953552,
            1
          ],
          "parentMatrixWorld": {
            "elements": [
              100,
              0,
              0,
              0,
              0,
              -0.000013435885648505064,
              -99.99999657714511,
              0,
              0,
              99.99999657714511,
              -0.000013435885648505064,
              0,
              0,
              0,
              0,
              1
            ]
          }
        }
      },
      "children": [
        2,
        4,
        8
      ]
    },
    {
      "translation": [
        0,
        0.21323628723621368,
        0
      ],
      "name": "LeftToes_end",
      "extras": {
        "transformData": {
          "inheritType": 1,
          "eulerOrder": "ZYX",
          "translation": [
            0,
            0.21323628723621368,
            0
          ],
          "parentMatrixWorld": {
            "elements": [
              -0.9916105018921221,
              -0.0745287978892151,
              -0.10561217885832844,
              0,
              -0.0009678674211025031,
              0.8213020549799102,
              -0.5704920330830117,
              0,
              0.12925762247496952,
              -0.5656038467748344,
              -0.8144841084784603,
              0,
              1.285235051720011e-8,
              0.30125465512212346,
              1.0505477021673007e-8,
              1
            ]
          }
        }
      }
    },
    {
      "rotation": [
        -0.019819844392018053,
        0.952286354427109,
        -0.2982548825103946,
        0.06165945480635111
      ],
      "translation": [
        1.285235051720011e-8,
        0.30125465512212346,
        1.0505477021673007e-8
      ],
      "scale": [
        0.9999999499333654,
        0.9999995827674866,
        0.9999998211860657
      ],
      "name": "LeftToes",
      "extras": {
        "transformData": {
          "inheritType": 1,
          "eulerOrder": "ZYX",
          "translation": [
            -6.402842700481415e-9,
            0.30125394463539124,
            -9.313225746154785e-10
          ],
          "rotation": [
            35.00866393056103,
            173.9383760451101,
            4.297733037577267
          ],
          "scale": [
            0.9999999403953552,
            0.9999998807907104,
            0.9999999403953552
          ],
          "parentMatrixWorld": {
            "elements": [
              0.8634920304730612,
              -0.14827636860957316,
              0.4820618967628603,
              0,
              0.4927908178434482,
              0.4515563644332283,
              -0.7438169284474304,
              0,
              -0.1073879069206601,
              0.8798378777353362,
              0.4629857201575714,
              0,
              -1.609341246936588e-8,
              0.6088126111005238,
              -5.856290972190977e-8,
              1
            ]
          }
        }
      },
      "children": [
        10
      ]
    },
    {
      "rotation": [
        -0.48707234699517504,
        -0.1768275306227819,
        -0.1923107603468698,
        0.833372129090661
      ],
      "translation": [
        -1.609341246936588e-8,
        0.6088126111005238,
        -5.856290972190977e-8
      ],
      "scale": [
        0.9999940228360856,
        1.0000047922007695,
        1.0000013256250384
      ],
      "name": "LeftFoot",
      "extras": {
        "transformData": {
          "inheritType": 1,
          "eulerOrder": "ZYX",
          "translation": [
            -5.587935447692871e-9,
            0.6088110208511353,
            1.862645149230957e-8
          ],
          "rotation": [
            -67.17121535473443,
            -30.83511098917059,
            -5.8053688039238205
          ],
          "scale": [
            1.0000205039978027,
            0.9999836087226868,
            0.999995768070221
          ],
          "parentMatrixWorld": {
            "elements": [
              0.9823672165456417,
              0.18592563166323167,
              -0.01959599638417038,
              0,
              -0.1558619737360142,
              0.8723575670162461,
              0.46335679323704365,
              0,
              0.10324467035859122,
              -0.4521324680348906,
              0.8859546336653098,
              0,
              2.264881473458598e-8,
              0.526174783706665,
              7.137466155840535e-8,
              1
            ]
          }
        }
      },
      "children": [
        11
      ]
    },
    {
      "rotation": [
        0.23667262497020403,
        0.03175682874751531,
        0.08835908984135878,
        0.967042001432335
      ],
      "translation": [
        2.264881473458598e-8,
        0.526174783706665,
        7.137466155840535e-8
      ],
      "scale": [
        0.9999988460591454,
        1.0000001001332692,
        0.9999994230295727
      ],
      "name": "LeftLeg",
      "extras": {
        "transformData": {
          "inheritType": 1,
          "eulerOrder": "ZYX",
          "translation": [
            1.4901161193847656e-8,
            0.5261740684509277,
            2.444721758365631e-9
          ],
          "rotation": [
            16.470263523055387,
            2.8168562448515297,
            6.532242231151631
          ],
          "scale": [
            0.999999463558197,
            0.9999988079071045,
            1.0000022649765015
          ],
          "parentMatrixWorld": {
            "elements": [
              0.9642127915699745,
              0.1757825121908404,
              0.19838610443237237,
              0,
              -0.04037017401622522,
              -0.6423355816047432,
              0.7653600555604765,
              0,
              0.2619717688091319,
              -0.7459913763808219,
              -0.6122621051221262,
              0,
              0.20152926445007324,
              0.05846327543258667,
              7.613012087404059e-8,
              1
            ]
          }
        }
      },
      "children": [
        12
      ]
    },
    {
      "rotation": [
        -0.8970547644769489,
        -0.0377389498439138,
        -0.12829816579541226,
        -0.4211984156837145
      ],
      "translation": [
        0.20152926445007324,
        0.05846327543258667,
        7.613012087404059e-8
      ],
      "scale": [
        0.9999814224268505,
        1.0000003767038892,
        0.9999986076405663
      ],
      "name": "LeftUpLeg",
      "extras": {
        "transformData": {
          "inheritType": 1,
          "eulerOrder": "ZYX",
          "translation": [
            0.2015291154384613,
            0.05846330523490906,
            7.509206056965922e-8
          ],
          "rotation": [
            179.89916409605027,
            -18.707273419639623,
            0.13982668553336222
          ],
          "scale": [
            1.0000545978546143,
            1.0000014305114746,
            1.0000004768371582
          ],
          "parentMatrixWorld": {
            "elements": [
              -0.9999997615664731,
              0.002886341589180314,
              0.0001860301028034439,
              0,
              -0.002886329818347206,
              -0.9999956661668407,
              -2.681930846888576e-7,
              0,
              0.0001860277887252852,
              -8.05134048645665e-7,
              0.9999999230918598,
              0,
              0.0004646028683055192,
              0.32195112109184265,
              -4.1615635382186156e-8,
              1
            ]
          }
        }
      },
      "children": [
        13
      ]
    },
    {
      "translation": [
        0,
        0.21323628723621368,
        0
      ],
      "name": "RightToes_end",
      "extras": {
        "transformData": {
          "inheritType": 1,
          "eulerOrder": "ZYX",
          "translation": [
            0,
            0.21323628723621368,
            0
          ],
          "parentMatrixWorld": {
            "elements": [
              -0.9971068792423134,
              0.0690669938547845,
              0.03174147593854689,
              0,
              0.0387706568762418,
              0.8213027908384833,
              -0.5691739860211487,
              0,
              -0.06538049109447874,
              -0.5662966201613339,
              -0.821604309500917,
              0,
              5.662203683646495e-9,
              0.301254774331413,
              -2.229529820750747e-8,
              1
            ]
          }
        }
      }
    },
    {
      "rotation": [
        -0.028261087699760767,
        -0.9539409922532199,
        0.2975735428590446,
        0.02545282135432728
      ],
      "translation": [
        5.662203683646495e-9,
        0.301254774331413,
        -2.229529820750747e-8
      ],
      "scale": [
        1.0000000190760203,
        1.000000238418579,
        1.0000001192092896
      ],
      "name": "RightToes",
      "extras": {
        "transformData": {
          "inheritType": 1,
          "eulerOrder": "ZYX",
          "translation": [
            2.6193447411060333e-8,
            0.3012544512748718,
            -1.862645149230957e-8
          ],
          "rotation": [
            34.712612796081416,
            -178.18169936887222,
            -3.962168831862302
          ],
          "scale": [
            1.0000001192092896,
            1.000000238418579,
            1
          ],
          "parentMatrixWorld": {
            "elements": [
              0.9020867243208175,
              0.20365432376308043,
              -0.38047912476937984,
              0,
              -0.4079676757462956,
              0.6899188898770978,
              -0.5979756865406838,
              0,
              0.14071931508927046,
              0.6946486456623395,
              0.7054505779520729,
              0,
              -1.490314094397778e-9,
              0.6088125109672546,
              4.8278257657967514e-8,
              1
            ]
          }
        }
      },
      "children": [
        15
      ]
    },
    {
      "rotation": [
        -0.3559203613768445,
        0.14351048816312947,
        0.16840829862137804,
        0.9079449946337863
      ],
      "translation": [
        -1.490314094397778e-9,
        0.6088125109672546,
        4.8278257657967514e-8
      ],
      "scale": [
        0.9999999499333654,
        1.0000003003998075,
        0.9999995827674866
      ],
      "name": "RightFoot",
      "extras": {
        "transformData": {
          "inheritType": 1,
          "eulerOrder": "ZYX",
          "translation": [
            -1.30385160446167e-8,
            0.6088117957115173,
            -1.862645149230957e-8
          ],
          "rotation": [
            -69.4524029148703,
            33.23342946338302,
            1.2990792484130937
          ],
          "scale": [
            0.9999949932098389,
            1.000003695487976,
            1.0000011920928955
          ],
          "parentMatrixWorld": {
            "elements": [
              0.9173600091015318,
              -0.3377658332601143,
              -0.2106062335152295,
              0,
              0.35675671515155866,
              0.46301996733658257,
              0.8113815796253241,
              0,
              -0.17654286240369801,
              -0.8194678196665249,
              0.5452586377387094,
              0,
              -1.5831988830930605e-8,
              0.5261746740353856,
              -3.278097082636075e-8,
              1
            ]
          }
        }
      },
      "children": [
        16
      ]
    },
    {
      "rotation": [
        0.47673029965191216,
        0.009957777016083809,
        -0.203023580944185,
        0.8552254044826831
      ],
      "translation": [
        -1.5831988830930605e-8,
        0.5261746740353856,
        -3.278097082636075e-8
      ],
      "scale": [
        0.9999950647607534,
        1.0000014543406621,
        1.000000934598296
      ],
      "name": "RightLeg",
      "extras": {
        "transformData": {
          "inheritType": 1,
          "eulerOrder": "ZYX",
          "translation": [
            -6.984919309616089e-9,
            0.5261740684509277,
            -4.831235855817795e-9
          ],
          "rotation": [
            15.874894716125594,
            2.2464934008033874,
            -6.538452580654465
          ],
          "scale": [
            0.9999991059303284,
            1.0000003576278687,
            1
          ],
          "parentMatrixWorld": {
            "elements": [
              0.9653903835127456,
              0.002467976645140813,
              -0.2607278998878832,
              0,
              -0.09371584523203329,
              -0.9298495703494031,
              -0.3558008987048182,
              0,
              -0.24332055974250447,
              0.3679282334944668,
              -0.8974539392770758,
              0,
              -0.20152926445007324,
              0.05846321955323219,
              7.664626622272408e-8,
              1
            ]
          }
        }
      },
      "children": [
        17
      ]
    },
    {
      "rotation": [
        0.9737444241800995,
        -0.023427079823593763,
        -0.12941106777130895,
        -0.18581099339735208
      ],
      "translation": [
        -0.20152926445007324,
        0.05846321955323219,
        7.664626622272408e-8
      ],
      "scale": [
        0.9999818611119679,
        0.9999986171785764,
        0.9999998617146901
      ],
      "name": "RightUpLeg",
      "extras": {
        "transformData": {
          "inheritType": 1,
          "eulerOrder": "ZYX",
          "translation": [
            -0.2015291005373001,
            0.058463308960199356,
            7.520936406990586e-8
          ],
          "rotation": [
            179.903371492579,
            24.844406709665765,
            -0.1807237505297094
          ],
          "scale": [
            0.9999869465827942,
            0.999999463558197,
            0.9999992847442627
          ],
          "parentMatrixWorld": {
            "elements": [
              -0.9999997615664731,
              0.002886341589180314,
              0.0001860301028034439,
              0,
              -0.002886329818347206,
              -0.9999956661668407,
              -2.681930846888576e-7,
              0,
              0.0001860277887252852,
              -8.05134048645665e-7,
              0.9999999230918598,
              0,
              0.0004646028683055192,
              0.32195112109184265,
              -4.1615635382186156e-8,
              1
            ]
          }
        }
      },
      "children": [
        18
      ]
    },
    {
      "translation": [
        0,
        1.0044100284576416,
        0
      ],
      "name": "Head_end",
      "extras": {
        "transformData": {
          "inheritType": 1,
          "eulerOrder": "ZYX",
          "translation": [
            0,
            1.0044100284576416,
            0
          ],
          "parentMatrixWorld": {
            "elements": [
              0.9997280857859342,
              0.020452363542906873,
              -0.011555233747725772,
              0,
              -0.02348090816484841,
              0.8843087199176798,
              -0.46630991174876546,
              0,
              0.0006812525947470113,
              0.4664531961605832,
              0.884546139767023,
              0,
              -3.776334243882139e-9,
              0.2780090379689625,
              6.241671555428872e-8,
              1
            ]
          }
        }
      }
    },
    {
      "rotation": [
        -0.24024404207824615,
        0.003151637308678291,
        0.011315509384414748,
        0.97064146490166
      ],
      "translation": [
        -3.776334243882139e-9,
        0.2780090379689625,
        6.241671555428872e-8
      ],
      "scale": [
        1.0000040340398244,
        0.9999990963923182,
        1.0000004577611379
      ],
      "name": "Head",
      "extras": {
        "transformData": {
          "inheritType": 1,
          "eulerOrder": "ZYX",
          "translation": [
            1.3696619359515605e-11,
            0.2780092656612396,
            -1.3969514434108987e-8
          ],
          "rotation": [
            -8.503076667572708,
            -2.962663778956336e-12,
            -7.932441495971369e-13
          ],
          "scale": [
            1.0000040531158447,
            0.9999998807907104,
            1
          ],
          "parentMatrixWorld": {
            "elements": [
              0.9999999403953552,
              7.003432612037011e-10,
              -5.188112288147087e-10,
              0,
              -6.128568193639386e-10,
              0.9882600702424413,
              0.15278099870207987,
              0,
              6.197195953392391e-10,
              -0.15278099724485314,
              0.9882600608164067,
              0,
              -3.5250370754261584e-9,
              0.2708645439065592,
              3.426229439773445e-9,
              1
            ]
          }
        }
      },
      "children": [
        20
      ]
    },
    {
      "rotation": [
        0.07661569603403297,
        2.8547180314270865e-10,
        3.2926784828476157e-10,
        0.997060697811934
      ],
      "translation": [
        -3.5250370754261584e-9,
        0.2708645439065592,
        3.426229439773445e-9
      ],
      "scale": [
        0.9999999403953552,
        1,
        0.9999999904619898
      ],
      "name": "Neck",
      "extras": {
        "transformData": {
          "inheritType": 1,
          "eulerOrder": "ZYX",
          "translation": [
            2.2970770251207195e-12,
            0.2708645164966583,
            -4.2935015542866495e-9
          ],
          "rotation": [
            8.788131197488607,
            2.793274782336259e-12,
            -4.1647065106045724e-10
          ],
          "scale": [
            1,
            1,
            0.9999999403953552
          ],
          "parentMatrixWorld": {
            "elements": [
              0.9999999904619898,
              -4.524288363507689e-10,
              -4.633760018989079e-10,
              0,
              4.957509217915342e-10,
              0.9951654336814134,
              0.09821263315332804,
              0,
              4.1670156378929204e-10,
              -0.09821263502683428,
              0.99516545266521,
              0,
              -2.7480142959846217e-9,
              0.30527691602516854,
              -3.582594803468328e-9,
              1
            ]
          }
        }
      },
      "children": [
        21
      ]
    },
    {
      "translation": [
        0,
        0.13225968182086945,
        0
      ],
      "name": "LeftHandThumb2_end",
      "extras": {
        "transformData": {
          "inheritType": 1,
          "eulerOrder": "ZYX",
          "translation": [
            0,
            0.13225968182086945,
            0
          ],
          "parentMatrixWorld": {
            "elements": [
              0.9937862746262159,
              0.060345688963703084,
              0.09352496279610749,
              0,
              -0.10944863024480785,
              0.6825947353267455,
              0.7225546498458081,
              0,
              -0.02023659284746845,
              -0.7283012186315835,
              0.6849581693041948,
              0,
              7.561611747704866e-9,
              0.10601920724025965,
              1.3856951452704151e-8,
              1
            ]
          }
        }
      }
    },
    {
      "rotation": [
        0.3956745567898913,
        -0.03102482947060793,
        0.046305974458225055,
        0.9166978008455323
      ],
      "translation": [
        7.561611747704866e-9,
        0.10601920724025965,
        1.3856951452704151e-8
      ],
      "scale": [
        0.999999840262086,
        0.9999998998667309,
        0.9999999403953552
      ],
      "name": "LeftHandThumb2",
      "extras": {
        "transformData": {
          "inheritType": 1,
          "eulerOrder": "ZYX",
          "translation": [
            1.4901161193847656e-8,
            0.10586779564619064,
            -1.73225998878479e-7
          ],
          "rotation": [
            23.214791875592425,
            -1.605280257442762,
            0.13005772743167215
          ],
          "parentMatrixWorld": {
            "elements": [
              -0.23911535956806887,
              0.13189524045646422,
              -0.9619917006337098,
              0,
              -0.6992350946467016,
              0.6640237269882365,
              0.2648457415968494,
              0,
              0.6737169737662352,
              0.7359867531598409,
              -0.06655248081052507,
              0,
              -0.09357062935955866,
              0.06826550721852946,
              0.012918930499260961,
              1
            ]
          }
        }
      },
      "children": [
        23
      ]
    },
    {
      "rotation": [
        -0.20212224125862122,
        0.7017284631729126,
        0.356559693813324,
        0.5827426314353943
      ],
      "translation": [
        -0.09357062935955866,
        0.06826550721852946,
        0.012918930499260961
      ],
      "scale": [
        1.000000238418579,
        1.000000238418579,
        1.0000001192092896
      ],
      "name": "LeftHandThumb1",
      "extras": {
        "transformData": {
          "inheritType": 1,
          "eulerOrder": "ZYX",
          "translation": [
            -0.06514833867549896,
            0.050981033593416214,
            0.002445373684167862
          ],
          "rotation": [
            -83.93211025716303,
            101.72695919614816,
            -16.293250632978044
          ],
          "scale": [
            1,
            1.0000001192092896,
            1
          ],
          "parentMatrixWorld": {
            "elements": [
              -0.05138501868638187,
              -0.06534220063697598,
              -0.9965388433984332,
              0,
              0.021636215143713233,
              0.9975501453728192,
              -0.06652414846256582,
              0,
              0.9984444809414165,
              -0.02497968018990284,
              -0.04984538376256445,
              0,
              2.9800837575097722e-8,
              0.527228178970364,
              1.7883769132773335e-9,
              1
            ]
          }
        }
      },
      "children": [
        24
      ]
    },
    {
      "translation": [
        0,
        0.13049884140491486,
        0
      ],
      "name": "LeftHandIndex3_end",
      "extras": {
        "transformData": {
          "inheritType": 1,
          "eulerOrder": "ZYX",
          "translation": [
            0,
            0.13049884140491486,
            0
          ],
          "parentMatrixWorld": {
            "elements": [
              0.9981350684466579,
              -0.00010809059344448682,
              0.06104629410577011,
              0,
              -0.04568564835828398,
              0.6619517488625627,
              0.7481534985458677,
              0,
              -0.040490565446085,
              -0.7495471079511657,
              0.6607122498111889,
              0,
              2.5033317285622423e-8,
              0.1021306133259177,
              -7.133802237796108e-8,
              1
            ]
          }
        }
      }
    },
    {
      "rotation": [
        0.41093539262518064,
        -0.02785943847500732,
        0.012505457937534513,
        0.9111528786639586
      ],
      "translation": [
        2.5033317285622423e-8,
        0.1021306133259177,
        -7.133802237796108e-8
      ],
      "scale": [
        1.0000001382853099,
        1.0000004768371582,
        1.000000514989199
      ],
      "name": "LeftHandIndex3",
      "extras": {
        "transformData": {
          "inheritType": 1,
          "eulerOrder": "ZYX",
          "translation": [
            3.725290298461914e-9,
            0.10213042050600052,
            -3.490131348371506e-7
          ],
          "rotation": [
            3.55151800872386,
            -3.4998540309550603,
            -0.006208032057668316
          ],
          "scale": [
            0.9999997019767761,
            1.0000003576278687,
            1
          ],
          "parentMatrixWorld": {
            "elements": [
              0.9955431561588286,
              0.059286852315621,
              -0.07334093734658767,
              0,
              0.07495613135917638,
              -0.02549194270298669,
              0.9968610303966646,
              0,
              0.05723116176839688,
              -0.9979157483046763,
              -0.029822248722547733,
              0,
              -1.5198234137662154e-8,
              0.15551262557633266,
              2.2649804609651042e-8,
              1
            ]
          }
        }
      },
      "children": [
        26
      ]
    },
    {
      "rotation": [
        0.7160407346040295,
        0.046869880529062234,
        -0.005624608411003509,
        0.6964604894731529
      ],
      "translation": [
        -1.5198234137662154e-8,
        0.15551262557633266,
        2.2649804609651042e-8
      ],
      "scale": [
        1,
        1.0000001192092896,
        1.0000003385518483
      ],
      "name": "LeftHandIndex2",
      "extras": {
        "transformData": {
          "inheritType": 1,
          "eulerOrder": "ZYX",
          "translation": [
            -1.1175870895385742e-8,
            0.11282142996788025,
            -7.310882210731506e-8
          ],
          "rotation": [
            9.39329876455643,
            7.654746682089615,
            0.5561692307051801
          ],
          "scale": [
            0.9999999403953552,
            1,
            0.9999999403953552
          ],
          "parentMatrixWorld": {
            "elements": [
              0.9879630151223863,
              -0.002436318169579695,
              0.154670377776462,
              0,
              -0.002605904945775115,
              0.9994718923079169,
              0.03238867914193886,
              0,
              -0.154667633419651,
              -0.03240187950627073,
              0.9874351014263503,
              0,
              9.342883546782982e-8,
              0.09553938716301573,
              -2.1085160412108073e-8,
              1
            ]
          }
        }
      },
      "children": [
        27
      ]
    },
    {
      "rotation": [
        0.01624876151018849,
        -0.07757858244628958,
        0.00004253047458773145,
        0.9968538205204251
      ],
      "translation": [
        9.342883546782982e-8,
        0.09553938716301573,
        -2.1085160412108073e-8
      ],
      "scale": [
        0.9999998903287206,
        0.9999999403953552,
        1.0000000190760203
      ],
      "name": "LeftHandIndex1",
      "extras": {
        "transformData": {
          "inheritType": 1,
          "eulerOrder": "ZYX",
          "translation": [
            -4.6566128730773926e-9,
            0.13859978318214417,
            -1.8742866814136505e-7
          ],
          "rotation": [
            6.561804570539916,
            -8.872208264850524,
            -0.4925163499523041
          ],
          "scale": [
            0.9999999403953552,
            1,
            0.9999999403953552
          ],
          "parentMatrixWorld": {
            "elements": [
              -0.05138501868638187,
              -0.06534220063697598,
              -0.9965388433984332,
              0,
